bray_curtis	C1	C2	C3	Y1	Y3	Y2
C1	0	0.310	0.797	0.974	0.931	0.956
C2	0.310	0	0.760	0.972	0.916	0.930
C3	0.797	0.760	0	0.972	0.893	0.934
Y1	0.974	0.972	0.972	0	0.488	0.549
Y3	0.931	0.916	0.893	0.488	0	0.559
Y2	0.956	0.930	0.934	0.549	0.559	0
