bray_curtis_binary	C1	C2	C3	Y1	Y2	Y3
C1	0	0.323	0.373	0.673	0.581	0.598
C2	0.323	0	0.379	0.648	0.538	0.577
C3	0.373	0.379	0	0.665	0.565	0.576
Y1	0.673	0.648	0.665	0	0.482	0.448
Y2	0.581	0.538	0.565	0.482	0	0.434
Y3	0.598	0.577	0.576	0.448	0.434	0
