euclidean	C1	C2	C3	Y1	Y3	Y2
C1	0	38.1	39.1	46.6	45.7	46.0
C2	38.1	0	40.2	46.9	45.9	45.3
C3	39.1	40.2	0	44.6	43.3	43.9
Y1	46.6	46.9	44.6	0	32.6	35.0
Y3	45.7	45.9	43.3	32.6	0	34.8
Y2	46.0	45.3	43.9	35.0	34.8	0
