jaccard_binary	C1	C2	C3	Y1	Y2	Y3
C1	0	0.488	0.543	0.805	0.735	0.748
C2	0.488	0	0.550	0.787	0.699	0.732
C3	0.543	0.550	0	0.799	0.722	0.731
Y1	0.805	0.787	0.799	0	0.650	0.618
Y2	0.735	0.699	0.722	0.650	0	0.605
Y3	0.748	0.732	0.731	0.618	0.605	0
