jaccard	C1	C2	C3	Y1	Y3	Y2
C1	0	0.474	0.887	0.987	0.964	0.978
C2	0.474	0	0.863	0.986	0.956	0.964
C3	0.887	0.863	0	0.986	0.944	0.966
Y1	0.987	0.986	0.986	0	0.656	0.709
Y3	0.964	0.956	0.944	0.656	0	0.717
Y2	0.978	0.964	0.966	0.709	0.717	0
