jaccard	C1	C2	C3	Y1	Y2	Y3
C1	0	0.474	0.887	0.987	0.978	0.964
C2	0.474	0	0.863	0.986	0.964	0.956
C3	0.887	0.863	0	0.986	0.966	0.944
Y1	0.987	0.986	0.986	0	0.709	0.656
Y2	0.978	0.964	0.966	0.709	0	0.717
Y3	0.964	0.956	0.944	0.656	0.717	0
