manhatten	C1	C2	C3	Y1	Y3	Y2
C1	0	1454.0	1530.0	2173.0	2086.0	2119.0
C2	1454.0	0	1618.0	2197.0	2106.0	2049.0
C3	1530.0	1618.0	0	1989.0	1874.0	1927.0
Y1	2173.0	2197.0	1989.0	0	1063.0	1222.0
Y3	2086.0	2106.0	1874.0	1063.0	0	1213.0
Y2	2119.0	2049.0	1927.0	1222.0	1213.0	0
